           0            0
  0.00148586 -8.75117e-06
  0.00297465 -2.04439e-05
  0.00446252 -4.13343e-05
  0.00595275 -6.73534e-05
  0.00744282 -0.000100329
  0.00893471 -0.000137799
   0.0104267 -0.000180826
   0.0119202 -0.000227498
    0.013414 -0.000278553
   0.0149091 -0.000332359
   0.0164045 -0.000389508
   0.0179011 -0.000448524
    0.019398 -0.000509944
    0.020896 -0.000572383
   0.0223943 -0.000636369
   0.0238936  -0.00070057
   0.0253932 -0.000765538
   0.0268937 -0.000829971
   0.0283945 -0.000894459
    0.029896 -0.000957719
    0.031398  -0.00102039
   0.0329005   -0.0010812
   0.0344034  -0.00114083
   0.0359069  -0.00119803
   0.0374107  -0.00125354
   0.0389149  -0.00130611
   0.0404194  -0.00135653
   0.0419243  -0.00140356
   0.0434295  -0.00144805
    0.044935  -0.00148876
   0.0464408  -0.00152659
   0.0479468  -0.00156034
    0.049453  -0.00159093
   0.0509594  -0.00161718
   0.0524659  -0.00164005
   0.0539726   -0.0016584
   0.0554793  -0.00167322
   0.0569862  -0.00168338
   0.0584931  -0.00168993
        0.06  -0.00169175
   0.0615069  -0.00168993
   0.0630138  -0.00168338
   0.0645207  -0.00167322
   0.0660274   -0.0016584
   0.0675341  -0.00164005
   0.0690406  -0.00161718
    0.070547  -0.00159093
   0.0720532  -0.00156034
   0.0735592  -0.00152659
    0.075065  -0.00148876
   0.0765705  -0.00144805
   0.0780757  -0.00140356
   0.0795806  -0.00135653
   0.0810851  -0.00130611
   0.0825893  -0.00125354
   0.0840931  -0.00119803
   0.0855966  -0.00114083
   0.0870995   -0.0010812
    0.088602  -0.00102039
    0.090104 -0.000957719
   0.0916055 -0.000894459
   0.0931063 -0.000829971
   0.0946068 -0.000765538
   0.0961064  -0.00070057
   0.0976057 -0.000636369
    0.099104 -0.000572383
    0.100602 -0.000509944
    0.102099 -0.000448524
    0.103595 -0.000389508
    0.105091 -0.000332359
    0.106586 -0.000278553
     0.10808 -0.000227498
    0.109573 -0.000180826
    0.111065 -0.000137799
    0.112557 -0.000100329
    0.114047 -6.73534e-05
    0.115537 -4.13343e-05
    0.117025 -2.04439e-05
    0.118514 -8.75117e-06
        0.12            0
           0       0.0005
  0.00148982  0.000493286
  0.00297931  0.000479916
  0.00447089  0.000460224
    0.005962  0.000433044
  0.00745494  0.000400907
  0.00894769  0.000362547
   0.0104419  0.000320169
   0.0119362  0.000272756
   0.0134317  0.000222244
   0.0149273  0.000167787
    0.016424  0.000111123
   0.0179209  5.15058e-05
   0.0194188 -9.45937e-06
   0.0209169 -7.24688e-05
   0.0224158 -0.000136012
    0.023915 -0.000200769
   0.0254148 -0.000265296
   0.0269151 -0.000330277
   0.0284158 -0.000394319
    0.029917 -0.000458125
   0.0314186 -0.000520338
   0.0329205 -0.000581693
   0.0344229 -0.000640862
   0.0359256 -0.000698613
   0.0374286 -0.000753646
    0.038932 -0.000806765
   0.0404356 -0.000856696
   0.0419395 -0.000904279
   0.0434437 -0.000948265
   0.0449481 -0.000989533
   0.0464527  -0.00102686
   0.0479575  -0.00106116
   0.0494624  -0.00109123
   0.0509675  -0.00111803
   0.0524728  -0.00114038
   0.0539781  -0.00115927
   0.0554835  -0.00117356
    0.056989  -0.00118427
   0.0584945  -0.00119028
        0.06  -0.00119264
   0.0615055  -0.00119028
    0.063011  -0.00118427
   0.0645165  -0.00117356
   0.0660219  -0.00115927
   0.0675272  -0.00114038
   0.0690325  -0.00111803
   0.0705376  -0.00109123
   0.0720425  -0.00106116
   0.0735473  -0.00102686
   0.0750519 -0.000989533
   0.0765563 -0.000948265
   0.0780605 -0.000904279
   0.0795644 -0.000856696
    0.081068 -0.000806765
   0.0825714 -0.000753646
   0.0840744 -0.000698613
   0.0855771 -0.000640862
   0.0870795 -0.000581693
   0.0885814 -0.000520338
    0.090083 -0.000458125
   0.0915842 -0.000394319
   0.0930849 -0.000330277
   0.0945852 -0.000265296
    0.096085 -0.000200769
   0.0975842 -0.000136012
   0.0990831 -7.24688e-05
    0.100581 -9.45937e-06
    0.102079  5.15058e-05
    0.103576  0.000111123
    0.105073  0.000167787
    0.106568  0.000222244
    0.108064  0.000272756
    0.109558  0.000320169
    0.111052  0.000362547
    0.112545  0.000400907
    0.114038  0.000433044
    0.115529  0.000460224
    0.117021  0.000479916
     0.11851  0.000493286
        0.12       0.0005
           0        0.001
  0.00149253   0.00099437
  0.00298495  0.000980887
  0.00447797   0.00096072
  0.00597203  0.000934046
  0.00746603  0.000901212
  0.00896122  0.000863437
   0.0104563  0.000820355
   0.0119525  0.000773513
   0.0134487   0.00072233
   0.0149458  0.000668415
    0.016443  0.000611114
    0.017941  0.000552016
   0.0194391   0.00049044
   0.0209379  0.000427935
   0.0224369    0.0003638
   0.0239364  0.000299538
   0.0254362  0.000234433
   0.0269364  0.000169944
   0.0284369  0.000105332
   0.0299378   4.2019e-05
    0.031439 -2.07605e-05
   0.0329405 -8.16186e-05
   0.0344422  -0.00014135
   0.0359443   -0.0001986
   0.0374465 -0.000254193
   0.0389491 -0.000306806
   0.0404518 -0.000357294
   0.0419547 -0.000404366
   0.0434578 -0.000448908
   0.0449611  -0.00048966
   0.0464646 -0.000527539
   0.0479681 -0.000561315
   0.0494719 -0.000591939
   0.0509757 -0.000618211
   0.0524796 -0.000641113
   0.0539836 -0.000659475
   0.0554876  -0.00067431
   0.0569917 -0.000684482
   0.0584959 -0.000691034
        0.06 -0.000692859
   0.0615041 -0.000691034
   0.0630083 -0.000684482
   0.0645124  -0.00067431
   0.0660164 -0.000659475
   0.0675204 -0.000641113
   0.0690243 -0.000618211
   0.0705281 -0.000591939
   0.0720319 -0.000561315
   0.0735354 -0.000527539
   0.0750389  -0.00048966
   0.0765422 -0.000448908
   0.0780453 -0.000404366
   0.0795482 -0.000357294
   0.0810509 -0.000306806
   0.0825535 -0.000254193
   0.0840557   -0.0001986
   0.0855578  -0.00014135
   0.0870595 -8.16186e-05
    0.088561 -2.07605e-05
   0.0900622   4.2019e-05
   0.0915631  0.000105332
   0.0930636  0.000169944
   0.0945638  0.000234433
   0.0960636  0.000299538
   0.0975631    0.0003638
   0.0990621  0.000427935
    0.100561   0.00049044
    0.102059  0.000552016
    0.103557  0.000611114
    0.105054  0.000668415
    0.106551   0.00072233
    0.108047  0.000773513
    0.109544  0.000820355
    0.111039  0.000863437
    0.112534  0.000901212
    0.114028  0.000934046
    0.115522   0.00096072
    0.117015  0.000980887
    0.118507   0.00099437
        0.12        0.001
           0       0.0015
  0.00149516   0.00149506
  0.00299001   0.00148153
   0.0044855   0.00146128
  0.00598127   0.00143444
  0.00747762   0.00140181
  0.00897404   0.00136365
   0.0104711   0.00132093
   0.0119682   0.00127359
    0.013466   0.00122285
   0.0149638   0.00116839
   0.0164622   0.00111157
   0.0179606   0.00105191
   0.0194595  0.000990834
   0.0209586  0.000927755
    0.022458  0.000864129
   0.0239576  0.000799292
   0.0254575  0.000734701
   0.0269576  0.000669637
    0.028458  0.000605544
   0.0299586  0.000541657
   0.0314594    0.0004794
   0.0329604   0.00041797
   0.0344615  0.000358763
   0.0359629  0.000300945
   0.0374644  0.000245879
   0.0389661    0.0001927
   0.0404679  0.000142741
   0.0419698  9.51068e-05
   0.0434719  5.10956e-05
   0.0449741  9.78481e-06
   0.0464764 -2.75614e-05
   0.0479788 -6.18942e-05
   0.0494813 -9.19831e-05
   0.0509838 -0.000118808
   0.0524864 -0.000141172
   0.0539891 -0.000160084
   0.0554918  -0.00017438
   0.0569945 -0.000185099
   0.0584972 -0.000191109
        0.06 -0.000193479
   0.0615028 -0.000191109
   0.0630055 -0.000185099
   0.0645082  -0.00017438
   0.0660109 -0.000160084
   0.0675136 -0.000141172
   0.0690162 -0.000118808
   0.0705187 -9.19831e-05
   0.0720212 -6.18942e-05
   0.0735236 -2.75614e-05
   0.0750259  9.78481e-06
   0.0765281  5.10956e-05
   0.0780302  9.51068e-05
   0.0795321  0.000142741
   0.0810339    0.0001927
   0.0825356  0.000245879
   0.0840371  0.000300945
   0.0855385  0.000358763
   0.0870396   0.00041797
   0.0885406    0.0004794
   0.0900414  0.000541657
    0.091542  0.000605544
   0.0930424  0.000669637
   0.0945425  0.000734701
   0.0960424  0.000799292
    0.097542  0.000864129
   0.0990414  0.000927755
     0.10054  0.000990834
    0.102039   0.00105191
    0.103538   0.00111157
    0.105036   0.00116839
    0.106534   0.00122285
    0.108032   0.00127359
    0.109529   0.00132093
    0.111026   0.00136365
    0.112522   0.00140181
    0.114019   0.00143444
    0.115514   0.00146128
     0.11701   0.00148153
    0.118505   0.00149506
        0.12       0.0015
           0        0.002
  0.00149759   0.00199541
  0.00299508   0.00198198
  0.00449272   0.00196154
  0.00599072    0.0019348
  0.00748876   0.00190199
  0.00898711     0.001864
   0.0104855     0.001821
   0.0119842   0.00177395
    0.013483   0.00172282
    0.014982   0.00166875
    0.016481   0.00161146
   0.0179804   0.00155224
   0.0194797   0.00149066
   0.0209793   0.00142806
    0.022479    0.0013639
   0.0239788   0.00129957
   0.0254788   0.00123443
   0.0269789   0.00116989
    0.028479   0.00110523
   0.0299793   0.00104188
   0.0314797  0.000979052
   0.0329802  0.000918163
   0.0344808  0.000858386
   0.0359815  0.000801112
   0.0374822  0.000745477
    0.038983  0.000692843
    0.040484  0.000642318
   0.0419849  0.000595229
    0.043486  0.000550655
   0.0449871  0.000509889
   0.0464882  0.000471983
   0.0479894  0.000438195
   0.0494906  0.000407549
   0.0509919   0.00038127
   0.0524932  0.000358352
   0.0539945  0.000339985
   0.0554959  0.000325138
   0.0569972  0.000314965
   0.0584986  0.000308406
        0.06  0.000306583
   0.0615014  0.000308406
   0.0630028  0.000314965
   0.0645041  0.000325138
   0.0660055  0.000339985
   0.0675068  0.000358352
   0.0690081   0.00038127
   0.0705094  0.000407549
   0.0720106  0.000438195
   0.0735118  0.000471983
   0.0750129  0.000509889
    0.076514  0.000550655
   0.0780151  0.000595229
    0.079516  0.000642318
    0.081017  0.000692843
   0.0825178  0.000745477
   0.0840185  0.000801112
   0.0855192  0.000858386
   0.0870198  0.000918163
   0.0885203  0.000979052
   0.0900207   0.00104188
    0.091521   0.00110523
   0.0930211   0.00116989
   0.0945212   0.00123443
   0.0960212   0.00129957
    0.097521    0.0013639
   0.0990207   0.00142806
     0.10052   0.00149066
     0.10202   0.00155224
    0.103519   0.00161146
    0.105018   0.00166875
    0.106517   0.00172282
    0.108016   0.00177395
    0.109514     0.001821
    0.111013     0.001864
    0.112511   0.00190199
    0.114009    0.0019348
    0.115507   0.00196154
    0.117005   0.00198198
    0.118502   0.00199541
        0.12        0.002
           0       0.0025
  0.00149999   0.00249553
       0.003   0.00248209
      0.0045   0.00246168
       0.006   0.00243483
      0.0075   0.00240216
       0.009   0.00236398
      0.0105   0.00232119
       0.012   0.00227387
      0.0135   0.00222304
       0.015    0.0021686
      0.0165    0.0021117
       0.018   0.00205205
      0.0195   0.00199091
       0.021   0.00192783
      0.0225   0.00186416
       0.024   0.00179931
      0.0255   0.00173469
       0.027    0.0016696
      0.0285   0.00160549
        0.03   0.00154158
      0.0315    0.0014793
       0.033   0.00141785
      0.0345   0.00135863
       0.036   0.00130079
      0.0375   0.00124571
       0.039   0.00119251
      0.0405   0.00114254
       0.042   0.00109489
      0.0435   0.00105087
       0.045   0.00100955
      0.0465  0.000972196
       0.048  0.000937851
      0.0495  0.000907757
       0.051  0.000880923
      0.0525  0.000858556
       0.054  0.000839636
      0.0555  0.000825339
       0.057  0.000814615
      0.0585  0.000808606
        0.06  0.000806233
      0.0615  0.000808606
       0.063  0.000814615
      0.0645  0.000825339
       0.066  0.000839636
      0.0675  0.000858556
       0.069  0.000880923
      0.0705  0.000907757
       0.072  0.000937851
      0.0735  0.000972196
       0.075   0.00100955
      0.0765   0.00105087
       0.078   0.00109489
      0.0795   0.00114254
       0.081   0.00119251
      0.0825   0.00124571
       0.084   0.00130079
      0.0855   0.00135863
       0.087   0.00141785
      0.0885    0.0014793
        0.09   0.00154158
      0.0915   0.00160549
       0.093    0.0016696
      0.0945   0.00173469
       0.096   0.00179931
      0.0975   0.00186416
       0.099   0.00192783
      0.1005   0.00199091
       0.102   0.00205205
      0.1035    0.0021117
       0.105    0.0021686
      0.1065   0.00222304
       0.108   0.00227387
      0.1095   0.00232119
       0.111   0.00236398
      0.1125   0.00240216
       0.114   0.00243483
      0.1155   0.00246168
       0.117   0.00248209
      0.1185   0.00249553
        0.12       0.0025
           0        0.003
   0.0015024    0.0029954
  0.00300491   0.00298196
  0.00450727   0.00296152
  0.00600928   0.00293478
  0.00751123   0.00290198
  0.00901288   0.00286399
   0.0105145   0.00282098
   0.0120158   0.00277394
    0.013517   0.00272281
    0.015018   0.00266873
    0.016519   0.00261145
   0.0180196   0.00255223
   0.0195203   0.00249064
   0.0210207   0.00242805
    0.022521   0.00236388
   0.0240211   0.00229956
   0.0255212   0.00223441
   0.0270211   0.00216987
    0.028521   0.00210521
   0.0300207   0.00204186
   0.0315203   0.00197904
   0.0330198   0.00191815
   0.0345192   0.00185837
   0.0360185    0.0018011
   0.0375178   0.00174546
    0.039017   0.00169283
    0.040516    0.0016423
   0.0420151   0.00159521
    0.043514   0.00155064
   0.0450129   0.00150987
   0.0465118   0.00147197
   0.0480106   0.00143818
   0.0495094   0.00140754
   0.0510081   0.00138125
   0.0525068   0.00135834
   0.0540055   0.00133997
   0.0555041   0.00132512
   0.0570028   0.00131495
   0.0585014   0.00130839
        0.06   0.00130657
   0.0614986   0.00130839
   0.0629972   0.00131495
   0.0644959   0.00132512
   0.0659945   0.00133997
   0.0674932   0.00135834
   0.0689919   0.00138125
   0.0704906   0.00140754
   0.0719894   0.00143818
   0.0734882   0.00147197
   0.0749871   0.00150987
    0.076486   0.00155064
   0.0779849   0.00159521
    0.079484    0.0016423
    0.080983   0.00169283
   0.0824822   0.00174546
   0.0839815    0.0018011
   0.0854808   0.00185837
   0.0869802   0.00191815
   0.0884797   0.00197904
   0.0899793   0.00204186
    0.091479   0.00210521
   0.0929789   0.00216987
   0.0944788   0.00223441
   0.0959789   0.00229956
    0.097479   0.00236388
   0.0989793   0.00242805
     0.10048   0.00249064
     0.10198   0.00255223
    0.103481   0.00261145
    0.104982   0.00266873
    0.106483   0.00272281
    0.107984   0.00277394
    0.109486   0.00282098
    0.110987   0.00286399
    0.112489   0.00290198
    0.113991   0.00293478
    0.115493   0.00296152
    0.116995   0.00298196
    0.118498    0.0029954
        0.12        0.003
           0       0.0035
  0.00150483   0.00349504
  0.00300998    0.0034815
  0.00451449   0.00346125
  0.00601872   0.00343441
  0.00752237   0.00340178
  0.00902596   0.00336362
   0.0105289    0.0033209
   0.0120318   0.00327356
    0.013534   0.00322283
   0.0150362   0.00316836
   0.0165378   0.00311155
   0.0180394   0.00305188
   0.0195405   0.00299081
   0.0210414   0.00292773
    0.022542    0.0028641
   0.0240424   0.00279926
   0.0255424   0.00273467
   0.0270424   0.00266961
    0.028542   0.00260551
   0.0300414   0.00254163
   0.0315406   0.00247937
   0.0330396   0.00241794
   0.0345385   0.00235873
   0.0360371   0.00230092
   0.0375356   0.00224585
   0.0390339   0.00219267
   0.0405321   0.00214271
   0.0420302   0.00209508
   0.0435281   0.00205107
   0.0450259   0.00200976
   0.0465236   0.00197241
   0.0480212   0.00193808
   0.0495187   0.00190799
   0.0510162   0.00188116
   0.0525136    0.0018588
   0.0540109   0.00183989
   0.0555082   0.00182559
   0.0570055   0.00181487
   0.0585028   0.00180886
        0.06   0.00180649
   0.0614972   0.00180886
   0.0629945   0.00181487
   0.0644918   0.00182559
   0.0659891   0.00183989
   0.0674864    0.0018588
   0.0689838   0.00188116
   0.0704813   0.00190799
   0.0719788   0.00193808
   0.0734764   0.00197241
   0.0749741   0.00200976
   0.0764719   0.00205107
   0.0779698   0.00209508
   0.0794679   0.00214271
   0.0809661   0.00219267
   0.0824644   0.00224585
   0.0839629   0.00230092
   0.0854615   0.00235873
   0.0869604   0.00241794
   0.0884594   0.00247937
   0.0899586   0.00254163
    0.091458   0.00260551
   0.0929576   0.00266961
   0.0944576   0.00273467
   0.0959576   0.00279926
    0.097458    0.0028641
   0.0989586   0.00292773
     0.10046   0.00299081
    0.101961   0.00305188
    0.103462   0.00311155
    0.104964   0.00316836
    0.106466   0.00322283
    0.107968   0.00327356
    0.109471    0.0033209
    0.110974   0.00336362
    0.112478   0.00340178
    0.113981   0.00343441
    0.115486   0.00346125
     0.11699    0.0034815
    0.118495   0.00349504
        0.12       0.0035
           0        0.004
  0.00150747   0.00399433
  0.00301504   0.00398084
  0.00452203   0.00396068
  0.00602796     0.003934
  0.00753396   0.00390117
  0.00903877    0.0038634
   0.0105437   0.00382031
   0.0120475   0.00377347
   0.0135513   0.00372229
   0.0150542   0.00366837
    0.016557   0.00361107
    0.018059   0.00355197
   0.0195609    0.0034904
   0.0210621   0.00342789
   0.0225631   0.00336376
   0.0240636    0.0032995
   0.0255638   0.00323439
   0.0270636    0.0031699
   0.0285631   0.00310529
   0.0300622   0.00304198
    0.031561    0.0029792
   0.0330595   0.00291834
   0.0345578   0.00285861
   0.0360557   0.00280136
   0.0375535   0.00274576
   0.0390509   0.00269315
   0.0405482   0.00264266
   0.0420453   0.00259559
   0.0435422   0.00255105
   0.0450389    0.0025103
   0.0465354   0.00247242
   0.0480318   0.00243864
   0.0495281   0.00240802
   0.0510243   0.00238174
   0.0525204   0.00235884
   0.0540164   0.00234048
   0.0555124   0.00232565
   0.0570083   0.00231547
   0.0585041   0.00230892
        0.06    0.0023071
   0.0614959   0.00230892
   0.0629917   0.00231547
   0.0644876   0.00232565
   0.0659836   0.00234048
   0.0674796   0.00235884
   0.0689757   0.00238174
   0.0704719   0.00240802
   0.0719682   0.00243864
   0.0734646   0.00247242
   0.0749611    0.0025103
   0.0764578   0.00255105
   0.0779547   0.00259559
   0.0794518   0.00264266
   0.0809491   0.00269315
   0.0824465   0.00274576
   0.0839443   0.00280136
   0.0854422   0.00285861
   0.0869405   0.00291834
    0.088439    0.0029792
   0.0899378   0.00304198
   0.0914369   0.00310529
   0.0929364    0.0031699
   0.0944362   0.00323439
   0.0959364    0.0032995
   0.0974369   0.00336376
   0.0989379   0.00342789
    0.100439    0.0034904
    0.101941   0.00355197
    0.103443   0.00361107
    0.104946   0.00366837
    0.106449   0.00372229
    0.107953   0.00377347
    0.109456   0.00382031
    0.110961    0.0038634
    0.112466   0.00390117
    0.113972     0.003934
    0.115478   0.00396068
    0.116985   0.00398084
    0.118493   0.00399433
        0.12        0.004
           0       0.0045
  0.00151018   0.00449324
   0.0030207   0.00447985
   0.0045291   0.00446017
    0.006038   0.00443298
  0.00754505   0.00440085
  0.00905231   0.00436249
   0.0105581   0.00432011
   0.0120638    0.0042727
   0.0135683   0.00422219
   0.0150727   0.00416773
    0.016576   0.00411107
   0.0180791   0.00405145
   0.0195812   0.00399048
   0.0210831   0.00392747
   0.0225842   0.00386393
    0.024085   0.00379917
   0.0255852   0.00373465
   0.0270849   0.00366966
   0.0285842   0.00360562
    0.030083   0.00354182
   0.0315814    0.0034796
   0.0330795   0.00341825
   0.0345771   0.00335908
   0.0360744   0.00330133
   0.0375713    0.0032463
    0.039068   0.00319318
   0.0405644   0.00314325
   0.0420605   0.00309566
   0.0435563   0.00305168
   0.0450519   0.00301041
   0.0465473   0.00297308
   0.0480425   0.00293879
   0.0495376   0.00290871
   0.0510325   0.00288192
   0.0525272   0.00285956
   0.0540219   0.00284067
   0.0555165   0.00282638
    0.057011   0.00281567
   0.0585055   0.00280966
        0.06    0.0028073
   0.0614945   0.00280966
    0.062989   0.00281567
   0.0644835   0.00282638
   0.0659781   0.00284067
   0.0674728   0.00285956
   0.0689675   0.00288192
   0.0704624   0.00290871
   0.0719575   0.00293879
   0.0734527   0.00297308
   0.0749481   0.00301041
   0.0764437   0.00305168
   0.0779395   0.00309566
   0.0794356   0.00314325
    0.080932   0.00319318
   0.0824287    0.0032463
   0.0839256   0.00330133
   0.0854229   0.00335908
   0.0869205   0.00341825
   0.0884186    0.0034796
    0.089917   0.00354182
   0.0914158   0.00360562
   0.0929151   0.00366966
   0.0944148   0.00373465
    0.095915   0.00379917
   0.0974158   0.00386393
   0.0989169   0.00392747
    0.100419   0.00399048
    0.101921   0.00405145
    0.103424   0.00411107
    0.104927   0.00416773
    0.106432   0.00422219
    0.107936    0.0042727
    0.109442   0.00432011
    0.110948   0.00436249
    0.112455   0.00440085
    0.113962   0.00443298
    0.115471   0.00446017
    0.116979   0.00447985
     0.11849   0.00449324
        0.12       0.0045
           0        0.005
  0.00151416   0.00499117
  0.00302534   0.00497949
  0.00453748   0.00495859
  0.00604724   0.00493258
  0.00755718    0.0048996
  0.00906529   0.00486213
   0.0105733    0.0048191
   0.0120798   0.00477243
    0.013586   0.00472137
   0.0150909   0.00466757
   0.0165955   0.00461042
   0.0180989    0.0045514
    0.019602   0.00448998
    0.021104   0.00442755
   0.0226057   0.00436356
   0.0241064   0.00429936
   0.0256068   0.00423439
   0.0271063   0.00416996
   0.0286055   0.00410547
    0.030104   0.00404221
    0.031602   0.00397954
   0.0330995   0.00391873
   0.0345966    0.0038591
   0.0360931   0.00380189
   0.0375893   0.00374639
   0.0390851   0.00369381
   0.0405806    0.0036434
   0.0420757   0.00359636
   0.0435705   0.00355188
    0.045065   0.00351116
   0.0465592   0.00347333
   0.0480532   0.00343958
    0.049547     0.003409
   0.0510406   0.00338275
   0.0525341   0.00335988
   0.0540274   0.00334153
   0.0555207   0.00332671
   0.0570138   0.00331654
   0.0585069      0.00331
        0.06   0.00330817
   0.0614931      0.00331
   0.0629862   0.00331654
   0.0644793   0.00332671
   0.0659726   0.00334153
   0.0674659   0.00335988
   0.0689594   0.00338275
    0.070453     0.003409
   0.0719468   0.00343958
   0.0734408   0.00347333
    0.074935   0.00351116
   0.0764295   0.00355188
   0.0779243   0.00359636
   0.0794194    0.0036434
   0.0809149   0.00369381
   0.0824107   0.00374639
   0.0839069   0.00380189
   0.0854034    0.0038591
   0.0869005   0.00391873
    0.088398   0.00397954
    0.089896   0.00404221
   0.0913945   0.00410547
   0.0928937   0.00416996
   0.0943932   0.00423439
   0.0958936   0.00429936
   0.0973943   0.00436356
    0.098896   0.00442755
    0.100398   0.00448998
    0.101901    0.0045514
    0.103405   0.00461042
    0.104909   0.00466757
    0.106414   0.00472137
     0.10792   0.00477243
    0.109427    0.0048191
    0.110935   0.00486213
    0.112443    0.0048996
    0.113953   0.00493258
    0.115463   0.00495859
    0.116975   0.00497949
    0.118486   0.00499117
        0.12        0.005