     0      0
0.0015      0
 0.003      0
0.0045      0
 0.006      0
0.0075      0
 0.009      0
0.0105      0
 0.012      0
0.0135      0
 0.015      0
0.0165      0
 0.018      0
0.0195      0
 0.021      0
0.0225      0
 0.024      0
0.0255      0
 0.027      0
0.0285      0
  0.03      0
0.0315      0
 0.033      0
0.0345      0
 0.036      0
0.0375      0
 0.039      0
0.0405      0
 0.042      0
0.0435      0
 0.045      0
0.0465      0
 0.048      0
0.0495      0
 0.051      0
0.0525      0
 0.054      0
0.0555      0
 0.057      0
0.0585      0
  0.06      0
0.0615      0
 0.063      0
0.0645      0
 0.066      0
0.0675      0
 0.069      0
0.0705      0
 0.072      0
0.0735      0
 0.075      0
0.0765      0
 0.078      0
0.0795      0
 0.081      0
0.0825      0
 0.084      0
0.0855      0
 0.087      0
0.0885      0
  0.09      0
0.0915      0
 0.093      0
0.0945      0
 0.096      0
0.0975      0
 0.099      0
0.1005      0
 0.102      0
0.1035      0
 0.105      0
0.1065      0
 0.108      0
0.1095      0
 0.111      0
0.1125      0
 0.114      0
0.1155      0
 0.117      0
0.1185      0
  0.12      0
     0 0.0005
0.0015 0.0005
 0.003 0.0005
0.0045 0.0005
 0.006 0.0005
0.0075 0.0005
 0.009 0.0005
0.0105 0.0005
 0.012 0.0005
0.0135 0.0005
 0.015 0.0005
0.0165 0.0005
 0.018 0.0005
0.0195 0.0005
 0.021 0.0005
0.0225 0.0005
 0.024 0.0005
0.0255 0.0005
 0.027 0.0005
0.0285 0.0005
  0.03 0.0005
0.0315 0.0005
 0.033 0.0005
0.0345 0.0005
 0.036 0.0005
0.0375 0.0005
 0.039 0.0005
0.0405 0.0005
 0.042 0.0005
0.0435 0.0005
 0.045 0.0005
0.0465 0.0005
 0.048 0.0005
0.0495 0.0005
 0.051 0.0005
0.0525 0.0005
 0.054 0.0005
0.0555 0.0005
 0.057 0.0005
0.0585 0.0005
  0.06 0.0005
0.0615 0.0005
 0.063 0.0005
0.0645 0.0005
 0.066 0.0005
0.0675 0.0005
 0.069 0.0005
0.0705 0.0005
 0.072 0.0005
0.0735 0.0005
 0.075 0.0005
0.0765 0.0005
 0.078 0.0005
0.0795 0.0005
 0.081 0.0005
0.0825 0.0005
 0.084 0.0005
0.0855 0.0005
 0.087 0.0005
0.0885 0.0005
  0.09 0.0005
0.0915 0.0005
 0.093 0.0005
0.0945 0.0005
 0.096 0.0005
0.0975 0.0005
 0.099 0.0005
0.1005 0.0005
 0.102 0.0005
0.1035 0.0005
 0.105 0.0005
0.1065 0.0005
 0.108 0.0005
0.1095 0.0005
 0.111 0.0005
0.1125 0.0005
 0.114 0.0005
0.1155 0.0005
 0.117 0.0005
0.1185 0.0005
  0.12 0.0005
     0  0.001
0.0015  0.001
 0.003  0.001
0.0045  0.001
 0.006  0.001
0.0075  0.001
 0.009  0.001
0.0105  0.001
 0.012  0.001
0.0135  0.001
 0.015  0.001
0.0165  0.001
 0.018  0.001
0.0195  0.001
 0.021  0.001
0.0225  0.001
 0.024  0.001
0.0255  0.001
 0.027  0.001
0.0285  0.001
  0.03  0.001
0.0315  0.001
 0.033  0.001
0.0345  0.001
 0.036  0.001
0.0375  0.001
 0.039  0.001
0.0405  0.001
 0.042  0.001
0.0435  0.001
 0.045  0.001
0.0465  0.001
 0.048  0.001
0.0495  0.001
 0.051  0.001
0.0525  0.001
 0.054  0.001
0.0555  0.001
 0.057  0.001
0.0585  0.001
  0.06  0.001
0.0615  0.001
 0.063  0.001
0.0645  0.001
 0.066  0.001
0.0675  0.001
 0.069  0.001
0.0705  0.001
 0.072  0.001
0.0735  0.001
 0.075  0.001
0.0765  0.001
 0.078  0.001
0.0795  0.001
 0.081  0.001
0.0825  0.001
 0.084  0.001
0.0855  0.001
 0.087  0.001
0.0885  0.001
  0.09  0.001
0.0915  0.001
 0.093  0.001
0.0945  0.001
 0.096  0.001
0.0975  0.001
 0.099  0.001
0.1005  0.001
 0.102  0.001
0.1035  0.001
 0.105  0.001
0.1065  0.001
 0.108  0.001
0.1095  0.001
 0.111  0.001
0.1125  0.001
 0.114  0.001
0.1155  0.001
 0.117  0.001
0.1185  0.001
  0.12  0.001
     0 0.0015
0.0015 0.0015
 0.003 0.0015
0.0045 0.0015
 0.006 0.0015
0.0075 0.0015
 0.009 0.0015
0.0105 0.0015
 0.012 0.0015
0.0135 0.0015
 0.015 0.0015
0.0165 0.0015
 0.018 0.0015
0.0195 0.0015
 0.021 0.0015
0.0225 0.0015
 0.024 0.0015
0.0255 0.0015
 0.027 0.0015
0.0285 0.0015
  0.03 0.0015
0.0315 0.0015
 0.033 0.0015
0.0345 0.0015
 0.036 0.0015
0.0375 0.0015
 0.039 0.0015
0.0405 0.0015
 0.042 0.0015
0.0435 0.0015
 0.045 0.0015
0.0465 0.0015
 0.048 0.0015
0.0495 0.0015
 0.051 0.0015
0.0525 0.0015
 0.054 0.0015
0.0555 0.0015
 0.057 0.0015
0.0585 0.0015
  0.06 0.0015
0.0615 0.0015
 0.063 0.0015
0.0645 0.0015
 0.066 0.0015
0.0675 0.0015
 0.069 0.0015
0.0705 0.0015
 0.072 0.0015
0.0735 0.0015
 0.075 0.0015
0.0765 0.0015
 0.078 0.0015
0.0795 0.0015
 0.081 0.0015
0.0825 0.0015
 0.084 0.0015
0.0855 0.0015
 0.087 0.0015
0.0885 0.0015
  0.09 0.0015
0.0915 0.0015
 0.093 0.0015
0.0945 0.0015
 0.096 0.0015
0.0975 0.0015
 0.099 0.0015
0.1005 0.0015
 0.102 0.0015
0.1035 0.0015
 0.105 0.0015
0.1065 0.0015
 0.108 0.0015
0.1095 0.0015
 0.111 0.0015
0.1125 0.0015
 0.114 0.0015
0.1155 0.0015
 0.117 0.0015
0.1185 0.0015
  0.12 0.0015
     0  0.002
0.0015  0.002
 0.003  0.002
0.0045  0.002
 0.006  0.002
0.0075  0.002
 0.009  0.002
0.0105  0.002
 0.012  0.002
0.0135  0.002
 0.015  0.002
0.0165  0.002
 0.018  0.002
0.0195  0.002
 0.021  0.002
0.0225  0.002
 0.024  0.002
0.0255  0.002
 0.027  0.002
0.0285  0.002
  0.03  0.002
0.0315  0.002
 0.033  0.002
0.0345  0.002
 0.036  0.002
0.0375  0.002
 0.039  0.002
0.0405  0.002
 0.042  0.002
0.0435  0.002
 0.045  0.002
0.0465  0.002
 0.048  0.002
0.0495  0.002
 0.051  0.002
0.0525  0.002
 0.054  0.002
0.0555  0.002
 0.057  0.002
0.0585  0.002
  0.06  0.002
0.0615  0.002
 0.063  0.002
0.0645  0.002
 0.066  0.002
0.0675  0.002
 0.069  0.002
0.0705  0.002
 0.072  0.002
0.0735  0.002
 0.075  0.002
0.0765  0.002
 0.078  0.002
0.0795  0.002
 0.081  0.002
0.0825  0.002
 0.084  0.002
0.0855  0.002
 0.087  0.002
0.0885  0.002
  0.09  0.002
0.0915  0.002
 0.093  0.002
0.0945  0.002
 0.096  0.002
0.0975  0.002
 0.099  0.002
0.1005  0.002
 0.102  0.002
0.1035  0.002
 0.105  0.002
0.1065  0.002
 0.108  0.002
0.1095  0.002
 0.111  0.002
0.1125  0.002
 0.114  0.002
0.1155  0.002
 0.117  0.002
0.1185  0.002
  0.12  0.002
     0 0.0025
0.0015 0.0025
 0.003 0.0025
0.0045 0.0025
 0.006 0.0025
0.0075 0.0025
 0.009 0.0025
0.0105 0.0025
 0.012 0.0025
0.0135 0.0025
 0.015 0.0025
0.0165 0.0025
 0.018 0.0025
0.0195 0.0025
 0.021 0.0025
0.0225 0.0025
 0.024 0.0025
0.0255 0.0025
 0.027 0.0025
0.0285 0.0025
  0.03 0.0025
0.0315 0.0025
 0.033 0.0025
0.0345 0.0025
 0.036 0.0025
0.0375 0.0025
 0.039 0.0025
0.0405 0.0025
 0.042 0.0025
0.0435 0.0025
 0.045 0.0025
0.0465 0.0025
 0.048 0.0025
0.0495 0.0025
 0.051 0.0025
0.0525 0.0025
 0.054 0.0025
0.0555 0.0025
 0.057 0.0025
0.0585 0.0025
  0.06 0.0025
0.0615 0.0025
 0.063 0.0025
0.0645 0.0025
 0.066 0.0025
0.0675 0.0025
 0.069 0.0025
0.0705 0.0025
 0.072 0.0025
0.0735 0.0025
 0.075 0.0025
0.0765 0.0025
 0.078 0.0025
0.0795 0.0025
 0.081 0.0025
0.0825 0.0025
 0.084 0.0025
0.0855 0.0025
 0.087 0.0025
0.0885 0.0025
  0.09 0.0025
0.0915 0.0025
 0.093 0.0025
0.0945 0.0025
 0.096 0.0025
0.0975 0.0025
 0.099 0.0025
0.1005 0.0025
 0.102 0.0025
0.1035 0.0025
 0.105 0.0025
0.1065 0.0025
 0.108 0.0025
0.1095 0.0025
 0.111 0.0025
0.1125 0.0025
 0.114 0.0025
0.1155 0.0025
 0.117 0.0025
0.1185 0.0025
  0.12 0.0025
     0  0.003
0.0015  0.003
 0.003  0.003
0.0045  0.003
 0.006  0.003
0.0075  0.003
 0.009  0.003
0.0105  0.003
 0.012  0.003
0.0135  0.003
 0.015  0.003
0.0165  0.003
 0.018  0.003
0.0195  0.003
 0.021  0.003
0.0225  0.003
 0.024  0.003
0.0255  0.003
 0.027  0.003
0.0285  0.003
  0.03  0.003
0.0315  0.003
 0.033  0.003
0.0345  0.003
 0.036  0.003
0.0375  0.003
 0.039  0.003
0.0405  0.003
 0.042  0.003
0.0435  0.003
 0.045  0.003
0.0465  0.003
 0.048  0.003
0.0495  0.003
 0.051  0.003
0.0525  0.003
 0.054  0.003
0.0555  0.003
 0.057  0.003
0.0585  0.003
  0.06  0.003
0.0615  0.003
 0.063  0.003
0.0645  0.003
 0.066  0.003
0.0675  0.003
 0.069  0.003
0.0705  0.003
 0.072  0.003
0.0735  0.003
 0.075  0.003
0.0765  0.003
 0.078  0.003
0.0795  0.003
 0.081  0.003
0.0825  0.003
 0.084  0.003
0.0855  0.003
 0.087  0.003
0.0885  0.003
  0.09  0.003
0.0915  0.003
 0.093  0.003
0.0945  0.003
 0.096  0.003
0.0975  0.003
 0.099  0.003
0.1005  0.003
 0.102  0.003
0.1035  0.003
 0.105  0.003
0.1065  0.003
 0.108  0.003
0.1095  0.003
 0.111  0.003
0.1125  0.003
 0.114  0.003
0.1155  0.003
 0.117  0.003
0.1185  0.003
  0.12  0.003
     0 0.0035
0.0015 0.0035
 0.003 0.0035
0.0045 0.0035
 0.006 0.0035
0.0075 0.0035
 0.009 0.0035
0.0105 0.0035
 0.012 0.0035
0.0135 0.0035
 0.015 0.0035
0.0165 0.0035
 0.018 0.0035
0.0195 0.0035
 0.021 0.0035
0.0225 0.0035
 0.024 0.0035
0.0255 0.0035
 0.027 0.0035
0.0285 0.0035
  0.03 0.0035
0.0315 0.0035
 0.033 0.0035
0.0345 0.0035
 0.036 0.0035
0.0375 0.0035
 0.039 0.0035
0.0405 0.0035
 0.042 0.0035
0.0435 0.0035
 0.045 0.0035
0.0465 0.0035
 0.048 0.0035
0.0495 0.0035
 0.051 0.0035
0.0525 0.0035
 0.054 0.0035
0.0555 0.0035
 0.057 0.0035
0.0585 0.0035
  0.06 0.0035
0.0615 0.0035
 0.063 0.0035
0.0645 0.0035
 0.066 0.0035
0.0675 0.0035
 0.069 0.0035
0.0705 0.0035
 0.072 0.0035
0.0735 0.0035
 0.075 0.0035
0.0765 0.0035
 0.078 0.0035
0.0795 0.0035
 0.081 0.0035
0.0825 0.0035
 0.084 0.0035
0.0855 0.0035
 0.087 0.0035
0.0885 0.0035
  0.09 0.0035
0.0915 0.0035
 0.093 0.0035
0.0945 0.0035
 0.096 0.0035
0.0975 0.0035
 0.099 0.0035
0.1005 0.0035
 0.102 0.0035
0.1035 0.0035
 0.105 0.0035
0.1065 0.0035
 0.108 0.0035
0.1095 0.0035
 0.111 0.0035
0.1125 0.0035
 0.114 0.0035
0.1155 0.0035
 0.117 0.0035
0.1185 0.0035
  0.12 0.0035
     0  0.004
0.0015  0.004
 0.003  0.004
0.0045  0.004
 0.006  0.004
0.0075  0.004
 0.009  0.004
0.0105  0.004
 0.012  0.004
0.0135  0.004
 0.015  0.004
0.0165  0.004
 0.018  0.004
0.0195  0.004
 0.021  0.004
0.0225  0.004
 0.024  0.004
0.0255  0.004
 0.027  0.004
0.0285  0.004
  0.03  0.004
0.0315  0.004
 0.033  0.004
0.0345  0.004
 0.036  0.004
0.0375  0.004
 0.039  0.004
0.0405  0.004
 0.042  0.004
0.0435  0.004
 0.045  0.004
0.0465  0.004
 0.048  0.004
0.0495  0.004
 0.051  0.004
0.0525  0.004
 0.054  0.004
0.0555  0.004
 0.057  0.004
0.0585  0.004
  0.06  0.004
0.0615  0.004
 0.063  0.004
0.0645  0.004
 0.066  0.004
0.0675  0.004
 0.069  0.004
0.0705  0.004
 0.072  0.004
0.0735  0.004
 0.075  0.004
0.0765  0.004
 0.078  0.004
0.0795  0.004
 0.081  0.004
0.0825  0.004
 0.084  0.004
0.0855  0.004
 0.087  0.004
0.0885  0.004
  0.09  0.004
0.0915  0.004
 0.093  0.004
0.0945  0.004
 0.096  0.004
0.0975  0.004
 0.099  0.004
0.1005  0.004
 0.102  0.004
0.1035  0.004
 0.105  0.004
0.1065  0.004
 0.108  0.004
0.1095  0.004
 0.111  0.004
0.1125  0.004
 0.114  0.004
0.1155  0.004
 0.117  0.004
0.1185  0.004
  0.12  0.004
     0 0.0045
0.0015 0.0045
 0.003 0.0045
0.0045 0.0045
 0.006 0.0045
0.0075 0.0045
 0.009 0.0045
0.0105 0.0045
 0.012 0.0045
0.0135 0.0045
 0.015 0.0045
0.0165 0.0045
 0.018 0.0045
0.0195 0.0045
 0.021 0.0045
0.0225 0.0045
 0.024 0.0045
0.0255 0.0045
 0.027 0.0045
0.0285 0.0045
  0.03 0.0045
0.0315 0.0045
 0.033 0.0045
0.0345 0.0045
 0.036 0.0045
0.0375 0.0045
 0.039 0.0045
0.0405 0.0045
 0.042 0.0045
0.0435 0.0045
 0.045 0.0045
0.0465 0.0045
 0.048 0.0045
0.0495 0.0045
 0.051 0.0045
0.0525 0.0045
 0.054 0.0045
0.0555 0.0045
 0.057 0.0045
0.0585 0.0045
  0.06 0.0045
0.0615 0.0045
 0.063 0.0045
0.0645 0.0045
 0.066 0.0045
0.0675 0.0045
 0.069 0.0045
0.0705 0.0045
 0.072 0.0045
0.0735 0.0045
 0.075 0.0045
0.0765 0.0045
 0.078 0.0045
0.0795 0.0045
 0.081 0.0045
0.0825 0.0045
 0.084 0.0045
0.0855 0.0045
 0.087 0.0045
0.0885 0.0045
  0.09 0.0045
0.0915 0.0045
 0.093 0.0045
0.0945 0.0045
 0.096 0.0045
0.0975 0.0045
 0.099 0.0045
0.1005 0.0045
 0.102 0.0045
0.1035 0.0045
 0.105 0.0045
0.1065 0.0045
 0.108 0.0045
0.1095 0.0045
 0.111 0.0045
0.1125 0.0045
 0.114 0.0045
0.1155 0.0045
 0.117 0.0045
0.1185 0.0045
  0.12 0.0045
     0  0.005
0.0015  0.005
 0.003  0.005
0.0045  0.005
 0.006  0.005
0.0075  0.005
 0.009  0.005
0.0105  0.005
 0.012  0.005
0.0135  0.005
 0.015  0.005
0.0165  0.005
 0.018  0.005
0.0195  0.005
 0.021  0.005
0.0225  0.005
 0.024  0.005
0.0255  0.005
 0.027  0.005
0.0285  0.005
  0.03  0.005
0.0315  0.005
 0.033  0.005
0.0345  0.005
 0.036  0.005
0.0375  0.005
 0.039  0.005
0.0405  0.005
 0.042  0.005
0.0435  0.005
 0.045  0.005
0.0465  0.005
 0.048  0.005
0.0495  0.005
 0.051  0.005
0.0525  0.005
 0.054  0.005
0.0555  0.005
 0.057  0.005
0.0585  0.005
  0.06  0.005
0.0615  0.005
 0.063  0.005
0.0645  0.005
 0.066  0.005
0.0675  0.005
 0.069  0.005
0.0705  0.005
 0.072  0.005
0.0735  0.005
 0.075  0.005
0.0765  0.005
 0.078  0.005
0.0795  0.005
 0.081  0.005
0.0825  0.005
 0.084  0.005
0.0855  0.005
 0.087  0.005
0.0885  0.005
  0.09  0.005
0.0915  0.005
 0.093  0.005
0.0945  0.005
 0.096  0.005
0.0975  0.005
 0.099  0.005
0.1005  0.005
 0.102  0.005
0.1035  0.005
 0.105  0.005
0.1065  0.005
 0.108  0.005
0.1095  0.005
 0.111  0.005
0.1125  0.005
 0.114  0.005
0.1155  0.005
 0.117  0.005
0.1185  0.005
  0.12  0.005